All Possible Prime Paths for the 16 functionalities:

1. Goldbach

Edge

Prime: 16

[1, 2, 3, 4]

[1, 2, 3, 5, 6]

[8, 9, 10, 13, 8]

[9, 10, 13, 8, 9]

[9, 10, 13, 8, 11]

[10, 13, 8, 9, 10]

[13, 8, 9, 10, 13]

[8, 9, 10, 12, 13, 8]

[9, 10, 12, 13, 8, 9]

[9, 10, 12, 13, 8, 11]

[10, 12, 13, 8, 9, 10]

[12, 13, 8, 9, 10, 12]

[13, 8, 9, 10, 12, 13]

[1, 2, 3, 5, 7, 8, 11]

[1, 2, 3, 5, 7, 8, 9, 10, 13]

[1, 2, 3, 5, 7, 8, 9, 10, 12, 13]



2. Hamming

Edge

Prime Path: 29

[3, 5, 8, 3], [5, 8, 3, 5], [8, 3, 5, 8], [1, 2, 3, 4, 6], [1, 2, 3, 5, 8], [3, 5, 7, 10, 3], [5, 7, 10, 3, 5], [5, 8, 3, 4, 6], [7, 10, 3, 5, 7], [7, 10, 3, 5, 8], [8, 3, 5, 7, 10], [10, 3, 5, 7, 10], [1, 2, 3, 5, 7, 10], [3, 5, 7, 9, 12, 3], [5, 7, 9, 12, 3, 5], [5, 7, 10, 3, 4, 6], [7, 9, 12, 3, 5, 7], [7, 9, 12, 3, 5, 8], [8, 3, 5, 7, 9, 12], [9, 12, 3, 5, 7, 9], [9, 12, 3, 5, 7, 10], [10, 3, 5, 7, 9, 12], [12, 3, 5, 7, 9, 12], [1, 2, 3, 5, 7, 9, 12], [5, 7, 9, 12, 3, 4, 6], [8, 3, 5, 7, 9, 11, 13], [10, 3, 5, 7, 9, 11, 13], [12, 3, 5, 7, 9, 11, 13], [1, 2, 3, 5, 7, 9, 11, 13]



3.Narcissitic

Edge

Prime Path: 7

[3, 5, 3]

[5, 3, 5]

[1, 2, 3, 5]

[5, 3, 4, 6]

[5, 3, 4, 7]

[1, 2, 3, 4, 6]

[1, 2, 3, 4, 7]



4.Markov

Edge

Prime: 87

[8, 9, 10, 12, 8]

[9, 10, 12, 8, 9]

[10, 12, 8, 9, 10]

[12, 8, 9, 10, 12]

[1, 2, 3, 4, 16, 18]

[4, 5, 6, 14, 17, 4]

[5, 6, 14, 17, 4, 5]

[6, 7, 8, 13, 15, 6]

[6, 14, 17, 4, 5, 6]

[7, 8, 13, 15, 6, 7]

[8, 13, 15, 6, 7, 8]

[13, 15, 6, 7, 8, 13]

[14, 17, 4, 5, 6, 14]

[15, 6, 7, 8, 13, 15]

[17, 4, 5, 6, 14, 17]

[5, 6, 14, 17, 4, 16, 18]

[17, 4, 5, 6, 14, 16, 18]

[1, 2, 3, 4, 5, 6, 14, 17]

[7, 8, 13, 15, 6, 14, 16, 18]

[9, 10, 12, 8, 13, 14, 16, 18]

[9, 10, 12, 8, 13, 15, 6, 7]

[15, 6, 7, 8, 13, 14, 16, 18]

[1, 2, 3, 4, 5, 6, 14, 16, 18]

[4, 5, 6, 7, 8, 13, 14, 17, 4]

[5, 6, 7, 8, 13, 14, 17, 4, 5]

[6, 7, 8, 9, 10, 11, 13, 15, 6]

[6, 7, 8, 13, 14, 17, 4, 5, 6]

[7, 8, 9, 10, 11, 13, 15, 6, 7]

[7, 8, 13, 14, 17, 4, 5, 6, 7]

[7, 8, 13, 15, 6, 14, 17, 4, 5]

[8, 9, 10, 11, 13, 15, 6, 7, 8]

[8, 13, 14, 17, 4, 5, 6, 7, 8]

[9, 10, 11, 13, 15, 6, 7, 8, 9]

[10, 11, 13, 15, 6, 7, 8, 9, 10]

[11, 13, 15, 6, 7, 8, 9, 10, 11]

[11, 13, 15, 6, 7, 8, 9, 10, 12]

[12, 8, 9, 10, 11, 13, 14, 16, 18]

[12, 8, 9, 10, 11, 13, 15, 6, 7]

[13, 14, 17, 4, 5, 6, 7, 8, 13]

[13, 15, 6, 7, 8, 9, 10, 11, 13]

[14, 17, 4, 5, 6, 7, 8, 13, 14]

[14, 17, 4, 5, 6, 7, 8, 13, 15]

[15, 6, 7, 8, 9, 10, 11, 13, 15]

[15, 6, 7, 8, 13, 14, 17, 4, 5]

[17, 4, 5, 6, 7, 8, 13, 14, 17]

[1, 2, 3, 4, 5, 6, 7, 8, 13, 15]

[5, 6, 7, 8, 13, 14, 17, 4, 16, 18]

[7, 8, 13, 15, 6, 14, 17, 4, 16, 18]

[9, 10, 12, 8, 13, 14, 17, 4, 16, 18]

[9, 10, 12, 8, 13, 15, 6, 14, 16, 18]

[15, 6, 7, 8, 13, 14, 17, 4, 16, 18]

[17, 4, 5, 6, 7, 8, 13, 14, 16, 18]

[1, 2, 3, 4, 5, 6, 7, 8, 9, 10, 12]

[1, 2, 3, 4, 5, 6, 7, 8, 13, 14, 17]

[7, 8, 9, 10, 11, 13, 15, 6, 14, 16, 18]

[9, 10, 12, 8, 13, 14, 17, 4, 5, 6, 7]

[9, 10, 12, 8, 13, 15, 6, 14, 17, 4, 5]

[12, 8, 9, 10, 11, 13, 14, 17, 4, 16, 18]

[12, 8, 9, 10, 11, 13, 15, 6, 14, 16, 18]

[15, 6, 7, 8, 9, 10, 11, 13, 14, 16, 18]

[1, 2, 3, 4, 5, 6, 7, 8, 13, 14, 16, 18]

[4, 5, 6, 7, 8, 9, 10, 11, 13, 14, 17, 4]

[5, 6, 7, 8, 9, 10, 11, 13, 14, 17, 4, 5]

[6, 7, 8, 9, 10, 11, 13, 14, 17, 4, 5, 6]

[7, 8, 9, 10, 11, 13, 14, 17, 4, 5, 6, 7]

[7, 8, 9, 10, 11, 13, 15, 6, 14, 17, 4, 5]

[8, 9, 10, 11, 13, 14, 17, 4, 5, 6, 7, 8]

[9, 10, 11, 13, 14, 17, 4, 5, 6, 7, 8, 9]

[9, 10, 12, 8, 13, 15, 6, 14, 17, 4, 16, 18]

[10, 11, 13, 14, 17, 4, 5, 6, 7, 8, 9, 10]

[11, 13, 14, 17, 4, 5, 6, 7, 8, 9, 10, 11]

[11, 13, 14, 17, 4, 5, 6, 7, 8, 9, 10, 12]

[12, 8, 9, 10, 11, 13, 14, 17, 4, 5, 6, 7]

[12, 8, 9, 10, 11, 13, 15, 6, 14, 17, 4, 5]

[13, 14, 17, 4, 5, 6, 7, 8, 9, 10, 11, 13]

[14, 17, 4, 5, 6, 7, 8, 9, 10, 11, 13, 14]

[14, 17, 4, 5, 6, 7, 8, 9, 10, 11, 13, 15]

[15, 6, 7, 8, 9, 10, 11, 13, 14, 17, 4, 5]

[17, 4, 5, 6, 7, 8, 9, 10, 11, 13, 14, 17]

[1, 2, 3, 4, 5, 6, 7, 8, 9, 10, 11, 13, 15]

[5, 6, 7, 8, 9, 10, 11, 13, 14, 17, 4, 16, 18]

[7, 8, 9, 10, 11, 13, 15, 6, 14, 17, 4, 16, 18]

[12, 8, 9, 10, 11, 13, 15, 6, 14, 17, 4, 16, 18]

[15, 6, 7, 8, 9, 10, 11, 13, 14, 17, 4, 16, 18]

[17, 4, 5, 6, 7, 8, 9, 10, 11, 13, 14, 16, 18]

[1, 2, 3, 4, 5, 6, 7, 8, 9, 10, 11, 13, 14, 17]

[1, 2, 3, 4, 5, 6, 7, 8, 9, 10, 11, 13, 14, 16, 18]



5. Colombian

Edge

Prime: 23

[6, 7, 6]

[7, 6, 7]

[1, 2, 3, 4, 11, 12]

[1, 2, 3, 4, 11, 13]

[4, 5, 6, 8, 10, 4]

[5, 6, 8, 10, 4, 5]

[6, 8, 10, 4, 5, 6]

[7, 6, 8, 9, 11, 12]

[7, 6, 8, 9, 11, 13]

[7, 6, 8, 10, 4, 5]

[8, 10, 4, 5, 6, 7]

[8, 10, 4, 5, 6, 8]

[10, 4, 5, 6, 8, 10]

[1, 2, 3, 4, 5, 6, 7]

[5, 6, 8, 10, 4, 11, 12]

[5, 6, 8, 10, 4, 11, 13]

[7, 6, 8, 10, 4, 11, 12]

[7, 6, 8, 10, 4, 11, 13]

[1, 2, 3, 4, 5, 6, 8, 10]

[10, 4, 5, 6, 8, 9, 11, 12]

[10, 4, 5, 6, 8, 9, 11, 13]

[1, 2, 3, 4, 5, 6, 8, 9, 11, 12]

[1, 2, 3, 4, 5, 6, 8, 9, 11, 13]



6. Thabit

Edge

Prime: 14

[1, 2, 3, 4]

[6, 7, 8, 10, 6]

[7, 8, 10, 6, 7]

[8, 10, 6, 7, 8]

[10, 6, 7, 8, 10]

[7, 8, 10, 6, 11, 12]

[7, 8, 10, 6, 11, 13]

[1, 2, 3, 5, 6, 11, 12]

[1, 2, 3, 5, 6, 11, 13]

[10, 6, 7, 8, 9, 11, 12]

[10, 6, 7, 8, 9, 11, 13]

[1, 2, 3, 5, 6, 7, 8, 10]

[1, 2, 3, 5, 6, 7, 8, 9, 11, 12]

[1, 2, 3, 5, 6, 7, 8, 9, 11, 13]



7. Woodall Number

Edge

Prime: 14

[1, 2, 3, 14]

[5, 6, 7, 8, 5]

[6, 7, 8, 5, 6]

[7, 8, 5, 6, 7]

[8, 5, 6, 7, 8]

[6, 7, 8, 5, 11, 12]

[6, 7, 8, 5, 11, 13]

[1, 2, 3, 4, 5, 11, 12]

[1, 2, 3, 4, 5, 11, 13]

[1, 2, 3, 4, 5, 6, 7, 8]

[8, 5, 6, 7, 9, 10, 11, 12]

[8, 5, 6, 7, 9, 10, 11, 13]

[1, 2, 3, 4, 5, 6, 7, 9, 10, 11, 12]

[1, 2, 3, 4, 5, 6, 7, 9, 10, 11, 13]



8. Leyland

Edge

Prime: 32

[1, 2, 3, 5]

[6, 10, 11, 16, 6]

[10, 11, 16, 6, 10]

[11, 12, 13, 14, 11]

[11, 16, 6, 10, 11]

[12, 13, 14, 11, 12]

[13, 14, 11, 12, 13]

[14, 11, 12, 13, 14]

[16, 6, 10, 11, 16]

[10, 11, 16, 6, 7, 8]

[10, 11, 16, 6, 7, 9]

[1, 2, 3, 4, 6, 7, 8]

[1, 2, 3, 4, 6, 7, 9]

[12, 13, 14, 11, 16, 6, 10]

[1, 2, 3, 4, 6, 10, 11, 16]

[6, 10, 11, 12, 13, 15, 16, 6]

[10, 11, 12, 13, 15, 16, 6, 10]

[11, 12, 13, 15, 16, 6, 10, 11]

[12, 13, 14, 11, 16, 6, 7, 8]

[12, 13, 14, 11, 16, 6, 7, 9]

[12, 13, 15, 16, 6, 10, 11, 12]

[13, 15, 16, 6, 10, 11, 12, 13]

[14, 11, 12, 13, 15, 16, 6, 10]

[15, 16, 6, 10, 11, 12, 13, 14]

[15, 16, 6, 10, 11, 12, 13, 15]

[16, 6, 10, 11, 12, 13, 15, 16]

[10, 11, 12, 13, 15, 16, 6, 7, 8]

[10, 11, 12, 13, 15, 16, 6, 7, 9]

[14, 11, 12, 13, 15, 16, 6, 7, 8]

[14, 11, 12, 13, 15, 16, 6, 7, 9]

[1, 2, 3, 4, 6, 10, 11, 12, 13, 14]

[1, 2, 3, 4, 6, 10, 11, 12, 13, 15, 16]



9. Perfect Number

Edge

Prime: 15

[4, 5, 7, 4]

[5, 7, 4, 5]

[7, 4, 5, 7]

[4, 5, 6, 7, 4]

[5, 6, 7, 4, 5]

[5, 7, 4, 8, 9]

[5, 7, 4, 8, 10]

[6, 7, 4, 5, 6]

[7, 4, 5, 6, 7]

[1, 2, 3, 4, 5, 7]

[1, 2, 3, 4, 8, 9]

[1, 2, 3, 4, 8, 10]

[5, 6, 7, 4, 8, 9]

[5, 6, 7, 4, 8, 10]

[1, 2, 3, 4, 5, 6, 7]



10. Aliquot

Edge

Prime: 33

[1, 2, 3, 14]

[6, 8, 10, 6]

[8, 10, 6, 8]

[10, 6, 8, 10]

[6, 8, 9, 10, 6]

[8, 9, 10, 6, 8]

[9, 10, 6, 8, 9]

[10, 6, 8, 9, 10]

[1, 2, 3, 4, 12, 14]

[4, 5, 6, 7, 11, 4]

[5, 6, 7, 11, 4, 5]

[6, 7, 11, 4, 5, 6]

[7, 11, 4, 5, 6, 7]

[11, 4, 5, 6, 7, 11]

[1, 2, 3, 4, 12, 13, 14]

[5, 6, 7, 11, 4, 12, 14]

[7, 11, 4, 5, 6, 8, 10]

[8, 10, 6, 7, 11, 4, 5]

[8, 10, 6, 7, 11, 12, 14]

[1, 2, 3, 4, 5, 6, 8, 10]

[5, 6, 7, 11, 4, 12, 13, 14]

[7, 11, 4, 5, 6, 8, 9, 10]

[8, 9, 10, 6, 7, 11, 4, 5]

[8, 9, 10, 6, 7, 11, 12, 14]

[8, 10, 6, 7, 11, 4, 12, 14]

[8, 10, 6, 7, 11, 12, 13, 14]

[1, 2, 3, 4, 5, 6, 8, 9, 10]

[8, 9, 10, 6, 7, 11, 4, 12, 14]

[8, 9, 10, 6, 7, 11, 12, 13, 14]

[8, 10, 6, 7, 11, 4, 12, 13, 14]

[1, 2, 3, 4, 5, 6, 7, 11, 12, 14]

[8, 9, 10, 6, 7, 11, 4, 12, 13, 14]

[1, 2, 3, 4, 5, 6, 7, 11, 12, 13, 14]



11.Sociable

Edge

Prime Path: 31

[1, 2, 3, 13]

[5, 6, 7, 5]

[6, 7, 5, 6]

[7, 5, 6, 7]

[5, 6, 8, 7, 5]

[6, 8, 7, 5, 6]

[7, 5, 6, 8, 7]

[8, 7, 5, 6, 8]

[6, 7, 5, 9, 10, 11]

[1, 2, 3, 4, 5, 6, 7]

[6, 8, 7, 5, 9, 10, 11]

[1, 2, 3, 4, 5, 6, 8, 7]

[1, 2, 3, 4, 5, 9, 10, 11]

[3, 4, 5, 9, 10, 12, 14, 3]

[4, 5, 9, 10, 12, 14, 3, 4]

[4, 5, 9, 10, 12, 14, 3, 13]

[5, 9, 10, 12, 14, 3, 4, 5]

[6, 7, 5, 9, 10, 12, 14, 13]

[9, 10, 12, 14, 3, 4, 5, 9]

[10, 12, 14, 3, 4, 5, 9, 10]

[12, 14, 3, 4, 5, 9, 10, 11]

[12, 14, 3, 4, 5, 9, 10, 12]

[14, 3, 4, 5, 9, 10, 12, 14]

[6, 7, 5, 9, 10, 12, 14, 3, 4]

[6, 7, 5, 9, 10, 12, 14, 3, 13]

[6, 8, 7, 5, 9, 10, 12, 14, 13]

[9, 10, 12, 14, 3, 4, 5, 6, 7]

[1, 2, 3, 4, 5, 9, 10, 12, 14, 13]

[6, 8, 7, 5, 9, 10, 12, 14, 3, 4]

[6, 8, 7, 5, 9, 10, 12, 14, 3, 13]

[9, 10, 12, 14, 3, 4, 5, 6, 8, 7]



12. Emirp

Edge

Prime: 37

[4, 5, 7, 4]

[5, 7, 4, 5]

[7, 4, 5, 7]

[9, 10, 12, 9]

[10, 12, 9, 10]

[12, 9, 10, 12]

[4, 5, 6, 7, 4]

[5, 6, 7, 4, 5]

[6, 7, 4, 5, 6]

[7, 4, 5, 6, 7]

[9, 10, 11, 12, 9]

[10, 11, 12, 9, 10]

[11, 12, 9, 10, 11]

[12, 9, 10, 11, 12]

[1, 2, 3, 4, 5, 7]

[10, 12, 9, 13, 14, 15]

[1, 2, 3, 4, 5, 6, 7]

[5, 7, 4, 8, 9, 10, 12]

[10, 11, 12, 9, 13, 14, 15]

[10, 12, 9, 13, 16, 17, 19]

[10, 12, 9, 13, 16, 18, 19]

[1, 2, 3, 4, 8, 9, 10, 12]

[5, 6, 7, 4, 8, 9, 10, 12]

[5, 7, 4, 8, 9, 10, 11, 12]

[5, 7, 4, 8, 9, 13, 14, 15]

[10, 11, 12, 9, 13, 16, 17, 19]

[10, 11, 12, 9, 13, 16, 18, 19]

[1, 2, 3, 4, 8, 9, 10, 11, 12]

[1, 2, 3, 4, 8, 9, 13, 14, 15]

[5, 6, 7, 4, 8, 9, 10, 11, 12]

[5, 6, 7, 4, 8, 9, 13, 14, 15]

[5, 7, 4, 8, 9, 13, 16, 17, 19]

[5, 7, 4, 8, 9, 13, 16, 18, 19]

[1, 2, 3, 4, 8, 9, 13, 16, 17, 19]

[1, 2, 3, 4, 8, 9, 13, 16, 18, 19]

[5, 6, 7, 4, 8, 9, 13, 16, 17, 19]

[5, 6, 7, 4, 8, 9, 13, 16, 18, 19]



13. Armstrong

Edge:

Prime:

[3, 5, 3]

[5, 3, 5]

[1, 2, 3, 5]

[5, 3, 4, 6]

[5, 3, 4, 7]

[1, 2, 3, 4, 6]

[1, 2, 3, 4, 7]



14. Ramanujan

Edge:

Prime: 29

[1, 2, 3, 7]

[5, 8, 9, 10, 5]

[8, 9, 10, 5, 8]

[9, 10, 5, 8, 9]

[9, 11, 12, 14, 9]

[10, 5, 8, 9, 10]

[11, 12, 14, 9, 11]

[12, 14, 9, 11, 12]

[14, 9, 11, 12, 14]

[8, 9, 10, 5, 6, 7]

[8, 9, 10, 5, 6, 15]

[9, 11, 12, 13, 14, 9]

[11, 12, 13, 14, 9, 11]

[12, 13, 14, 9, 11, 12]

[13, 14, 9, 11, 12, 13]

[14, 9, 11, 12, 13, 14]

[1, 2, 3, 4, 5, 6, 7]

[1, 2, 3, 4, 5, 6, 15]

[10, 5, 8, 9, 11, 12, 14]

[11, 12, 14, 9, 10, 5, 8]

[1, 2, 3, 4, 5, 8, 9, 10]

[10, 5, 8, 9, 11, 12, 13, 14]

[11, 12, 13, 14, 9, 10, 5, 8]

[11, 12, 14, 9, 10, 5, 6, 7]

[11, 12, 14, 9, 10, 5, 6, 15]

[11, 12, 13, 14, 9, 10, 5, 6, 7]

[11, 12, 13, 14, 9, 10, 5, 6, 15]

[1, 2, 3, 4, 5, 8, 9, 11, 12, 14]

[1, 2, 3, 4, 5, 8, 9, 11, 12, 13, 14]



15. Strong Number

Edge:

Prime: 16

[5, 6, 5]

[6, 5, 6]

[1, 2, 3, 8, 9]

[1, 2, 3, 8, 10]

[3, 4, 5, 7, 3]

[4, 5, 7, 3, 4]

[5, 7, 3, 4, 5]

[6, 5, 7, 3, 4]

[7, 3, 4, 5, 6]

[7, 3, 4, 5, 7]

[1, 2, 3, 4, 5, 6]

[1, 2, 3, 4, 5, 7]

[4, 5, 7, 3, 8, 9]

[4, 5, 7, 3, 8, 10]

[6, 5, 7, 3, 8, 9]

[6, 5, 7, 3, 8, 10]



16. Evil

Edge

Prime Path: 24

[3, 4, 3]

[4, 3, 4]

[1, 2, 3, 4]

[7, 8, 15, 11, 7]

[8, 15, 11, 7, 8]

[11, 7, 8, 15, 11]

[15, 11, 7, 8, 15]

[7, 8, 15, 10, 11, 7]

[8, 15, 10, 11, 7, 8]

[8, 15, 11, 7, 9, 13]

[8, 15, 11, 7, 9, 14]

[10, 11, 7, 8, 15, 10]

[11, 7, 8, 15, 10, 11]

[15, 10, 11, 7, 8, 15]

[4, 3, 5, 6, 7, 9, 13]

[4, 3, 5, 6, 7, 9, 14]

[8, 15, 10, 11, 7, 9, 13]

[8, 15, 10, 11, 7, 9, 14]

[1, 2, 3, 5, 6, 7, 9, 13]

[1, 2, 3, 5, 6, 7, 9, 14]

[4, 3, 5, 6, 7, 8, 15, 11, 12]

[1, 2, 3, 5, 6, 7, 8, 15, 11, 12]

[4, 3, 5, 6, 7, 8, 15, 10, 11, 12]

[1, 2, 3, 5, 6, 7, 8, 15, 10, 11, 12]

